
Redinha:
Travel time: 693.018563624924
path: [502752679, 7207552615, 6096752779, 502752667, 501969523, 502752670, 1430581185, 6990098375, 535292364, 501969108, 5967866726, 6991058203, 6991058202, 2415142114, 4888508073, 503334685, 503334686, 7207552614, 503334628, 503334636, 529712798, 529712799, 529712800, 6993896458, 529712791, 529712794, 8626539157, 529712797, 7272256805, 526598416, 526598409, 526598422, 6026255820, 526598462, 501925324, 503364522, 7616783327, 300389751, 7272035630, 300392716, 300392696, 300392694, 300392688, 300392633, 300392638, 6991059115, 300392641, 7147768806, 300392645, 6991059126, 243207571, 243207572, 5967864976, 560213501, 560213513, 503357224, 503357212, 3667757145, 7262485706, 5659648776, 1156977947, 243207954, 11025804756, 5935807459, 5935807467, 11025804752, 317038105, 317038103, 317038152, 1106050342, 1106050335, 1915794257, 3684921756, 3684921758, 505815682, 505814913, 505815632, 505815631, 1915794294, 505815717]

Candelaria:
Travel time: 465.7035293601989
path: [502752679, 7207552615, 7207552616, 6990098351, 502752685, 502752636, 504801820, 504801825, 1430611608, 502752686, 504801846, 2153360780, 502752687, 502752688, 504801697, 504801695, 504801696, 504799338, 504799351, 503426544, 596783225, 503426539, 1430615555, 504801608, 502752737, 502752701, 502752748, 527197544, 502723717, 300389746, 501699199, 502723683, 3854474000, 3461516150, 3461516159, 501791797, 505086746, 505086663, 505086655, 4768538702, 8926038591, 503732252, 505491658, 505491638, 505491621, 505491106, 526586907, 503756040, 7199729922, 503756017, 503755984, 503755847, 503755842, 503755821, 505492351, 505492405, 505492428, 503755408, 505492315, 505492273, 8636050231, 505492279, 1087270784, 502010328, 7199327122, 506553361, 3801177319, 3801177317]

Mae Luiza:
Travel time: 398.14899439999033
path: [502752679, 7207552615, 6096752779, 502752667, 501969523, 502752670, 1430581185, 6990098375, 535292364, 501969108, 5967866726, 6991058203, 6991058202, 2415142114, 4888508073, 503334685, 503334686, 7207552614, 503334628, 503334636, 529712798, 529712799, 529712800, 6993896458, 529712791, 529712794, 8626539157, 529712797, 7272256805, 526598416, 526598409, 526598422, 6026255820, 526598462, 505799879, 505799891, 505799887, 505799869, 7266158152, 505800097, 3801070679, 3801070666, 3801070670, 7158087649, 7147882728, 505800127, 7158087652, 505799947, 505800702, 6413066151, 6413066144, 6413066143, 6413066137, 6413066138, 8633222282]

Capim Macio:
Travel time: 434.56185353869495
path: [502752679, 7207552615, 7207552616, 6990098351, 502752685, 502752636, 504801820, 504801825, 1430611608, 502752686, 504801846, 2153360780, 502752687, 502752688, 504801697, 504801695, 504801696, 504799338, 504799351, 503426544, 596783225, 503426539, 1430615555, 504801608, 502752737, 502752701, 502752748, 527197544, 502723717, 300389746, 501699199, 502723683, 3854474000, 3461516151, 3461516160, 529747768, 529747769, 529747758, 529747760, 7207892787, 7581438746, 12214289981, 1314669834, 8952086676, 5268845868, 502418974, 501801948, 502418916, 501801945, 502430779, 501838268, 505408753, 502418895, 5048015856, 502418931, 503314510, 502418942, 503309800, 503309858]

Nova Descoberta:
Travel time: 243.20290552449072
path: [502752679, 7207552615, 7207552616, 6990098351, 502752685, 502752636, 502752638, 526590691, 6990098395, 8632653496, 8632653497, 6990098384, 383996758, 7205344538, 526590651, 526590650, 7183732426, 526590649, 526590648, 526590776, 7183732416, 504793720, 504796561, 504800076, 503792726, 503787929, 8944148882, 8645332819, 503787930, 7189217328, 7189217329, 502752735, 504801618, 9797713162, 504801617, 504792512, 504792517, 1430581328, 1430581330]

Ponta Negra:
Travel time: 631.8896685746415
path: [502752679, 7207552615, 7207552616, 6990098351, 502752685, 502752636, 504801820, 504801825, 1430611608, 502752686, 504801846, 2153360780, 502752687, 502752688, 504801697, 504801695, 504801696, 504799338, 504799351, 503426544, 596783225, 503426539, 1430615555, 504801608, 502752737, 502752701, 502752748, 527197544, 502723717, 300389746, 501699199, 502723683, 3854474000, 3461516151, 3461516160, 529747768, 529747769, 529747758, 529747760, 7207892787, 7581438746, 12214289981, 1314669834, 8952086676, 5268845868, 502418974, 501801948, 502418916, 501801945, 502430779, 501838268, 505408753, 502418895, 503314509, 503314505, 7237887457, 503287619, 503287640, 502407520, 503287677, 7237887453, 1215688830, 503287758, 503296428, 503296436, 503296439, 503300632, 610290095, 503300636, 503302301, 503302305, 503307948, 503307779, 503307545, 503307567, 503307713, 7180628725, 610290096, 2625555969, 503307862, 501808002, 501733885, 610290081, 501903001, 596783034, 596783035, 610290079, 505026760, 505026758, 505026756, 505036665, 505026752, 505036628, 505044157, 7217605287]

Lagoa Nova:
Travel time: 175.90241401392436
path: [502752679, 7207552615, 7207552616, 6990098351, 502752685, 502752636, 504801820, 504801825, 1430611608, 502752686, 504801846, 2153360780, 502752687, 502752688, 504801697, 504801695, 504801696, 504799338, 504799351, 503426544, 596783225, 503426539, 1430615555, 504801608, 502752737, 502752701, 502752748, 527197544, 502723717, 3853525645, 527197925, 502723718, 502723719, 527198022]

Neopolis:
Travel time: 522.1099848303676
path: [502752679, 7207552615, 7207552616, 6990098351, 502752685, 502752636, 504801820, 504801825, 1430611608, 502752686, 504801846, 2153360780, 502752687, 502752688, 504801697, 504801695, 504801696, 504799338, 504799351, 503426544, 596783225, 503426539, 1430615555, 504801608, 502752737, 502752701, 502752748, 527197544, 502723717, 300389746, 501699199, 502723683, 3854474000, 3461516151, 3461516160, 529747768, 529747769, 529747758, 529747760, 7207892787, 7581438746, 12214289981, 1314669834, 8952086676, 5268845868, 502418974, 501801948, 502418843, 505494782, 1640326027, 8950844572, 501801953, 524873021, 4699057619, 610308777, 610308776, 503280921, 503280937, 503280941, 503280946, 503287597, 503280994, 503731443, 503731444, 502822118, 4697731809, 503282500, 503282497, 503282528, 503282486, 519812119, 503277576, 503277728, 503277766, 501895429, 4734179998, 519799679, 3268450263, 519807016, 519799414, 519807020, 519807024]

Pitimbu:
Travel time: 590.2182479077946
path: [502752679, 7207552615, 7207552616, 6990098351, 502752685, 501969159, 501969167, 501969177, 501969183, 501969340, 529774040, 6117343762, 5122968635, 503422530, 503422519, 503426494, 5464942973, 5464942974, 5464942972, 502752848, 502752843, 5264901356, 5264901355, 527198376, 527198518, 502723721, 583261792, 554923810, 500966709, 4324629103, 4848386611, 7265618532, 506566969, 2981446577, 502848528, 7589990423, 3461578047, 3461543815, 2520723671, 505489528, 7244334603, 503755771, 505489992, 505490887, 7207313620, 7207313610, 598914589, 503755483, 598914580, 1087270733, 505490225, 503755339, 503755422, 598914577, 500966724, 502010316, 7207313634, 706783162, 706783182, 1904464497, 706783176, 501785018, 8647864475, 501785021, 4508340330, 501785094, 501785095, 501785096, 501785097, 501784951, 502197047, 501785084, 12486005841, 7030509298, 7030509300, 502197233]

Alecrim:
Travel time: 247.68830674135165
path: [502752679, 7207552615, 7207552616, 6990098351, 502752685, 501969159, 501969167, 501969177, 501969183, 501969191, 501969200, 505561924, 501969208, 505486610, 501969836, 1430581194, 8633011543, 535287726, 529723156, 535287647, 3801130575, 506209399, 2028047231, 7265545793, 527200237, 527200243, 529723109, 529723111, 6989724517, 8622966501, 6989724537, 8622966499, 8622966495, 6989724547, 6989724548, 7270948736, 8613202608, 8622968063, 6989724502, 6989724504, 6989724511, 6989724513, 8622968061, 6989724584, 6989724581, 8622968059]

Petropolis:
Travel time: 295.22400258948994
path: [502752679, 7207552615, 6096752779, 502752667, 501969523, 502752670, 1430581185, 6990098375, 535292364, 501969108, 5967866726, 6991058203, 6991058202, 2415142114, 4888508073, 503334685, 503334686, 7207552614, 526593271, 1437113433, 1437113431, 526593119, 526593060, 526593055, 526593056, 7271938751, 526593068, 529718174, 9590248507, 529718172, 7271872814, 529717457, 8626326419, 535292158, 8626298103, 529717458, 529717460, 8630021498, 8630021496, 529717461, 8626371779, 7272604136, 529717462, 8626371777, 8626373653, 8626373652, 7267076709, 1430622943, 8626385183, 529717469, 529717470, 8626357072, 8626383484, 529717475, 535292181, 529717484, 6988402503, 6988402509, 6988402497, 529717592, 6988402499, 6988402495, 5659648763, 529714024, 6988402487, 6988402467, 6988402468, 529714004, 7267076712]

Quintas:
Travel time: 326.0967195694846
path: [502752679, 7207552615, 7207552616, 6990098351, 502752685, 501969159, 501969167, 501969177, 501969183, 501969191, 501969200, 505561924, 501969208, 5301551599, 505486459, 505486469, 529723183, 529723190, 529723165, 501969217, 529723225, 6429460352, 529723232, 3801070728, 529723179, 529723215, 527200273, 3801070740, 535254735, 535254939, 5264233337, 503755115, 526577606, 7593647823, 7262602220, 535255089, 535255090, 7262602228, 7262602231, 1121742999, 1121742772, 530771254, 1827063242, 530768249, 302599906, 527199980, 527199978, 527199956, 527199940, 526577453, 530766046, 530766048, 530766049]

